196 196 223 255 144 11
196 196 223 255 15 237
196 196 223 255 20 52
196 196 223 255 3 81
196 196 223 255 13 128
196 196 223 255 102 45
196 196 223 255 47 179
196 196 223 255 88 74
196 196 223 255 102 52
196 196 223 255 147 34
196 196 223 255 94 47
196 196 223 255 179 41
196 196 223 255 27 125
196 196 223 255 187 237
196 196 223 255 46 227
196 196 223 255 191 237
196 196 223 255 7 126
196 196 223 255 59 180
196 196 223 255 87 195
196 196 223 255 126 171
196 196 223 255 118 1
196 196 223 255 87 233
196 196 223 255 80 78
196 196 223 255 129 241
196 196 223 255 142 10
196 196 223 255 192 93
196 196 223 255 192 103
196 196 223 255 86 233
196 196 223 255 117 2
196 196 223 255 18 237
196 196 223 255 17 237
196 196 223 255 185 147
196 196 223 255 135 7
196 196 223 255 126 4
196 196 223 255 2 88
196 196 223 255 13 141
196 196 223 255 80 243
196 196 223 255 164 23
196 196 223 255 185 237
196 196 223 255 106 56
196 196 223 255 4 113
196 196 223 255 2 107
196 196 223 255 38 220
196 196 223 255 195 118
196 196 223 255 83 2
196 196 223 255 81 194
196 196 223 255 85 174
196 196 223 255 192 237
196 196 223 255 111 245
196 196 223 255 197 103
196 196 223 255 41 217
196 196 223 255 98 33
196 196 223 255 25 151
196 196 223 255 183 47
196 196 223 255 163 173
196 196 223 255 53 34
196 196 223 255 101 38
196 196 223 255 159 19
196 196 223 255 26 73
196 196 223 255 100 47
196 196 223 255 24 160
196 196 223 255 185 133
196 196 223 255 123 172
196 196 223 255 22 98
196 196 223 255 24 115
196 196 223 255 16 237
196 196 223 255 19 237
196 196 223 255 161 22
196 196 223 255 100 48
196 196 223 255 54 12
196 196 223 255 21 39
196 196 223 255 14 237
196 196 223 255 15 62
196 196 223 255 74 4
196 196 223 255 15 48
196 196 223 255 54 244
196 196 223 255 62 187
196 196 223 255 186 237
196 196 223 255 14 143
196 196 223 255 61 165
196 196 223 255 9 60
196 196 223 255 30 165
196 196 223 255 103 104
196 196 223 255 150 13
196 196 223 255 64 228
196 196 223 255 122 3
196 196 223 255 177 148
196 196 223 255 189 237
196 196 223 255 91 217
196 196 223 255 93 57
196 196 223 255 90 221
196 196 223 255 12 125
196 196 223 255 31 166
196 196 223 255 105 53
196 196 223 255 48 181
196 196 223 255 90 1
196 196 223 255 113 195
196 196 223 255 133 5
196 196 223 255 12 139
196 196 223 255 196 119
196 196 223 255 92 238
196 196 223 255 132 251
196 196 223 255 177 86
196 196 223 255 91 242
196 196 223 255 150 38
196 196 223 255 123 2
196 196 223 255 64 225
196 196 223 255 190 237
196 196 223 255 190 78
196 196 223 255 188 237
196 196 223 255 155 179
196 196 223 255 64 242
196 196 223 255 45 252
196 196 223 255 196 76
196 196 223 255 8 104
196 196 223 255 85 228
196 196 223 255 197 92
196 196 223 255 88 87
196 196 223 255 8 66
196 196 223 255 8 91
196 196 223 255 105 62
196 196 223 255 32 167
196 196 223 255 89 189
196 196 223 255 88 229
196 196 223 255 193 237
196 196 223 255 111 189
196 196 223 255 89 225
196 196 223 255 194 73
196 196 223 255 148 182
196 196 223 255 195 123
196 196 223 255 77 2
196 196 223 255 77 230
196 196 223 255 167 58
196 196 223 255 78 3
196 196 223 255 40 174
196 196 223 255 198 106
206 208 227 255 20 224
206 208 227 255 33 58
206 208 227 255 139 181
206 208 227 255 39 22
206 208 227 255 143 186
206 208 227 255 92 175
206 208 227 255 197 93
206 208 227 255 143 179
206 208 227 255 104 86
206 208 227 255 6 127
206 208 227 255 10 118
206 208 227 255 83 89
206 208 227 255 103 105
206 208 227 255 197 102
206 208 227 255 107 91
206 208 227 255 180 52
206 208 227 255 102 39
206 208 227 255 188 125
206 208 227 255 108 175
206 208 227 255 50 38
206 208 227 255 90 246
206 208 227 255 145 185
206 208 227 255 110 73
206 208 227 255 102 44
206 208 227 255 13 67
206 208 227 255 7 130
206 208 227 255 157 19
206 208 227 255 191 83
206 208 227 255 105 98
206 208 227 255 118 78
206 208 227 255 187 128
206 208 227 255 53 184
206 208 227 255 8 105
206 208 227 255 179 39
206 208 227 255 20 248
206 208 227 255 95 89
206 208 227 255 20 242
206 208 227 255 20 241
206 208 227 255 20 243
206 208 227 255 95 90
206 208 227 255 20 225
206 208 227 255 20 244
206 208 227 255 20 239
206 208 227 255 20 240
206 208 227 255 183 148
206 208 227 255 20 238
206 208 227 255 20 245
206 208 227 255 20 222
206 208 227 255 20 228
206 208 227 255 20 216
206 208 227 255 20 249
206 208 227 255 20 229
206 208 227 255 45 215
206 208 227 255 20 246
206 208 227 255 20 227
206 208 227 255 20 223
206 208 227 255 20 226
206 208 227 255 20 247
206 208 227 255 140 186
206 208 227 255 20 219
206 208 227 255 21 41
206 208 227 255 20 220
206 208 227 255 181 44
206 208 227 255 129 185
206 208 227 255 23 86
206 208 227 255 23 47
206 208 227 255 20 250
206 208 227 255 20 218
206 208 227 255 20 217
206 208 227 255 20 251
206 208 227 255 149 158
206 208 227 255 5 77
206 208 227 255 111 194
206 208 227 255 83 72
206 208 227 255 17 47
206 208 227 255 127 3
206 208 227 255 99 59
206 208 227 255 20 221
206 208 227 255 176 160
206 208 227 255 89 194
206 208 227 255 176 158
206 208 227 255 30 252
